40 50 10
18 74 1
30 24 47
36 30 35
20 51 28
23 47 30
31 44 25
32 43 26
29 44 28
34 36 31
34 36 30
32 36 32
28 40 33
28 41 32
29 42 30
31 41 29
32 37 32
33 35 33
32 35 32
30 38 31
34 33 32
36 32 31
35 33 32
34 34 31
33 38 30
35 34 31
36 33 32
31 37 33
31 39 30
33 36 31
33 35 32
36 33 30
37 34 29
36 36 28
37 33 30
34 36 31
35 37 29
34 34 32
37 31 33
34 32 34
34 34 32
36 32 31
38 33 29
36 35 30
